
1826
1825
1824
1823
1822
1821
1820
1814
1813
1812
1808
1818
1850
1830
1827
1819
1817
1816
1815
1811
1810
1809
1854
1855
1856
1857
1858
1859
1866
1867
1870
1872
1874
1860
1861
1862
1863
1864
1865
1868
1869
1871
1873
3919
1894
1893
1892
1891
1890
1888
1887
1886
1885
1884
1882
1879
1878
1876
1875
1877
1895
1883
1881
1880
1889
1828
1829
1831
1849
1848
1847
1846
1845
1842
1841
1840
1839
1838
1837
1836
1835
1832
1851
1853
1852
1843
1834
1833
1829
1835
1837
1839
1844
1812
1699
1659
1674
1673
1667
1665
1664
1663
1777
1675
1672
1671
1670
1669
1668
1666
1662
1661
1660
1896
1897
1898
1899
1900
1914
1916
1917
1939
1918
1910
1905
1903
1902
1901
1915
1913
1912
1909
1908
1907
1906
1904
1911
3906